Precision: 0.2916666666666667
Recall: 0.3888888888888889
F1 Score: 0.26515151515151514
Accuracy: 0.3888888888888889